set1_score: 0.201635318461
set2_score: 0.001666176287
Duration: 3.281568
