set1_score: 0.125783025714
set2_score: 0.034461338474
Duration: 25.353060
