set1_score: 0.179119220798
set2_score: 0.000000000000
Duration: 22.650439
